1001
Pencil
0
22112022
22112023
15
40
1002
Pen
0
23112022
23112023
25
60
1003
Rubber
0
24112022
24112023
10
30
1004
Sugar
5
25112022
25112023
1000
100
1005
Rice
10
26112022
26112023
2000 
100
1006
Flour
5
27112022
27112023
500
50
1007
Chips
1 
28112022
28112023
20
30
1008
Jazz Card
0
29112022
29112023
100
10
1009
Milk
2
30112022
30112023
200 
20
1010
Eggs
1 
31112022
31112023
180
30

1021
shoe
0
12031998
12031999
1000
5
1011
shoe
0
12032017
12062017
1000
5
